
          latent01  latent02  latent03  latent04  latent05  latent06  latent07  latent08  latent09  latent10
latent01     1.000
latent02     0.008     1.000
latent03     0.110     0.097     1.000
latent04     0.277     0.189     0.103     1.000
latent05    -0.037     0.188    -0.131     0.169     1.000
latent06     0.211     0.102     0.082     0.400     0.061     1.000
latent07     0.266     0.172     0.181     0.463     0.079     0.525     1.000
latent08     0.195     0.195     0.047     0.331     0.298     0.389     0.397     1.000
latent09     0.366     0.181     0.205     0.319     0.078     0.324     0.470     0.222     1.000
latent10     0.318     0.146     0.131     0.508     0.068     0.575     0.603     0.364     0.519     1.000
latent11     0.049     0.134     0.022    -0.019     0.314    -0.169    -0.152     0.163    -0.107    -0.155
latent12     0.226     0.100     0.074     0.279    -0.014     0.558     0.487     0.204     0.402     0.503

          latent11  latent12
latent11     1.000
latent12    -0.338     1.000
