
             N      mean        sd  skewness         P     r(it)    r(it)i
mas1       227      1.22       .53      2.49         7      .608      .412
mas2       231      1.09       .33      3.87         3      .629      .526
mas3       234      1.08      .267      3.18         3      .565      .479
mas4       229       1.1       .36      3.64         3      .695      .608
mas5       235      1.06      .255      4.47         2      .541      .446
las1       218      2.02       .94      .363        34      .694      .399
las2       232      1.25      .594      2.59         8      .664      .486
las3       230      1.21      .586      3.19         7      .637       .47
