
           latent_AS       mas1       mas2       mas3       mas4       mas5    komlat1    komlat2    komlat3
latent_AS      1.000
     mas1      0.252      1.000
     mas2      0.272      0.586      1.000
     mas3      0.141      0.249      0.475      1.000
     mas4      0.178      0.534      0.435      0.408      1.000
     mas5      0.180      0.235      0.328      0.499      0.347      1.000
  komlat1      0.113      0.157      0.166      0.207      0.331      0.296      1.000
  komlat2      0.276      0.223      0.324      0.234      0.373      0.190      0.344      1.000
  komlat3      0.244      0.177      0.301      0.296      0.270      0.155      0.280      0.388      1.000
